	    1000000000
        6157       19265         664
            2000000000
        4109       32120         914
            3000000000
        2061       25135          14
            4000000000
          13       31078         451
            5000000000
       30733       17180         618
            6000000000
       28685       16211         954
            7000000000
       26637       28170         875
            8000000000
       24589       20289         822
            9000000000
       22541       25336         210
           10000000000
       20493       10543         504
           11000000000
       18445        8678          95
           12000000000
       16397       19741         447
           13000000000
       14349       10964         977
           14000000000
       12301       15115          76
           15000000000
       10253       32194         232
           16000000000
        8205       29433         862
           17000000000
        6157        6832         358
           18000000000
        4109       29927         182
           19000000000
        2061         414         777
           20000000000
          13       16597         532
           21000000000
       30733       12939         913
           22000000000
       28685       22210         311
           23000000000
       26637       11641         191
           24000000000
       24589       14000         992
           25000000000
       22541       29287          82
           26000000000
       20493       24734         974
           27000000000
       18445         341          12
           28000000000
       16397       21644         706
           29000000000
       14349       23107         426
           30000000000
       12301        4730         636
           31000000000
       10253       32049         750
           32000000000
        8205        6760         187
           33000000000
        6157       27167         408
           34000000000
        4109       27734         831
           35000000000
        2061        8461         872
           36000000000
          13        2116         970
           37000000000
       30733        8698         541
           38000000000
       28685       28209          25
           39000000000
       26637       27880         887
           40000000000
       24589        7711         495
           41000000000
       22541         470         312
           42000000000
       20493        6157         778
           43000000000
       18445       24772         285
           44000000000
       16397       23547         298
           45000000000
       14349        2482         233
           46000000000
       12301       27113         528
           47000000000
       10253       31904         601
           48000000000
        8205       16855         892
           49000000000
        6157       14734         816
           50000000000
        4109       25541         813
           51000000000
        2061       16508         300
           52000000000
          13       20403         740
           53000000000
       30733        4457         526
           54000000000
       28685        1440          97
           55000000000
       26637       11351         917
           56000000000
       24589        1422         355
           57000000000
       22541        4421         898
           58000000000
       20493       20348         938
           59000000000
       18445       16435         916
           60000000000
       16397       25450         247
           61000000000
       14349       14625         396
           62000000000
       12301       16728         778
           63000000000
       10253       31759         809
           64000000000
        8205       26950         930
           65000000000
        6157        2301         557
           66000000000
        4109       23348         128
           67000000000
        2061       24555          85
           68000000000
          13        5922         868
           69000000000
       30733         216         868
           70000000000
       28685        7439         525
           71000000000
       26637       27590         279
           72000000000
       24589       27901         571
           73000000000
       22541        8372         817
           74000000000
       20493        1771         432
           75000000000
       18445        8098         880
           76000000000
       16397       27353         553
           77000000000
       14349       26768         916
           78000000000
       12301        6343         361
           79000000000
       10253       31614         350
           80000000000
        8205        4277         302
           81000000000
        6157       22636         654
           82000000000
        4109       21155         824
           83000000000
        2061       32602         227
           84000000000
          13       24209         328
           85000000000
       30733       28743         542
           86000000000
       28685       13438         286
           87000000000
       26637       11061        1023
           88000000000
       24589       21612         121
           89000000000
       22541       12323          69
           90000000000
       20493       15962         282
           91000000000
       18445       32529         176
           92000000000
       16397       29256         192
           93000000000
       14349        6143         770
           94000000000
       12301       28726         300
           95000000000
       10253       31469         248
           96000000000
        8205       14372          30
           97000000000
        6157       10203          85
           98000000000
        4109       18962         853
           99000000000
        2061        7881         727
          100000000000
          13        9728         146
          101000000000
       30733       24502         574
          102000000000
       28685       19437         404
          103000000000
       26637       27300          75
          104000000000
       24589       15323          28
          105000000000
       22541       16274         702
          106000000000
       20493       30153         489
          107000000000
       18445       24192         854
          108000000000
       16397       31159         188
          109000000000
       14349       18286         980
          110000000000
       12301       18341         597
          111000000000
       10253       31324         503
          112000000000
        8205       24467         115
          113000000000
        6157       30538         896
          114000000000
        4109       16769         215
          115000000000
        2061       15928         559
          116000000000
          13       28015         320
          117000000000
       30733       20261         963
          118000000000
       28685       25436         879
          119000000000
       26637       10771         509
          120000000000
       24589        9034         292
          121000000000
       22541       20225         668
          122000000000
       20493       11576          30
          123000000000
       18445       15855         865
          124000000000
       16397         294         542
          125000000000
       14349       30429         523
          126000000000
       12301        7956         227
          127000000000
       10253       31179          91
          128000000000
        8205        1794         558
          129000000000
        6157       18105          17
          130000000000
        4109       14576         958
          131000000000
        2061       23975         748
          132000000000
          13       13534         852
          133000000000
       30733       16020         685
          134000000000
       28685       31435         687
          135000000000
       26637       27010         275
          136000000000
       24589        2745         913
          137000000000
       22541       24176         991
          138000000000
       20493       25767         951
          139000000000
       18445        7518         209
          140000000000
       16397        2197         228
          141000000000
       14349        9804         424
          142000000000
       12301       30339         213
          143000000000
       10253       31034          36
          144000000000
        8205       11889         333
          145000000000
        6157        5672         519
          146000000000
        4109       12383          10
          147000000000
        2061       32022         270
          148000000000
          13       31821         716
          149000000000
       30733       11779         764
          150000000000
       28685        4666         853
          151000000000
       26637       10481         399
          152000000000
       24589       29224         866
          153000000000
       22541       28127         647
          154000000000
       20493        7190         182
          155000000000
       18445       31949         933
          156000000000
       16397        4100         271
          157000000000
       14349       21947         681
          158000000000
       12301       19954         557
          159000000000
       10253       30889         338
          160000000000
        8205       21984         465
          161000000000
        6157       26007         353
          162000000000
        4109       10190         443
          163000000000
        2061        7301         150
          164000000000
          13       17340         938
          165000000000
       30733        7538         176
          166000000000
       28685       10665         351
          167000000000
       26637       26720         879
          168000000000
       24589       22935         153
          169000000000
       22541       32078         660
          170000000000
       20493       21381         793
          171000000000
       18445       23612         991
          172000000000
       16397        6003         671
          173000000000
       14349        1322         272
          174000000000
       12301        9569         234
          175000000000
       10253       30744         997
          176000000000
        8205       32079         954
          177000000000
        6157       13574         545
          178000000000
        4109        7997         209
          179000000000
        2061       15348         386
          180000000000
          13        2859         493
          181000000000
       30733        3297         969
          182000000000
       28685       16664         206
          183000000000
       26637       10191         693
          184000000000
       24589       16646         821
          185000000000
       22541        3261           7
          186000000000
       20493        2804         738
          187000000000
       18445       15275         382
          188000000000
       16397        7906         404
          189000000000
       14349       13465         219
          190000000000
       12301       31952         267
          191000000000
       10253       30599         989
          192000000000
        8205        9406         777
          193000000000
        6157        1141          70
          194000000000
        4109        5804         332
          195000000000
        2061       23395         979
          196000000000
          13       21146         404
          197000000000
       30733       31824          70
          198000000000
       28685       22663         418
          199000000000
       26637       26430         863
          200000000000
       24589       10357         822
          201000000000
       22541        7212         734
          202000000000
       20493       16995          15
          203000000000
       18445        6938         130
          204000000000
       16397        9809         494
          205000000000
       14349       25608         523
          206000000000
       12301       21567         658
          207000000000
       10253       30454         314
          208000000000
        8205       19501         956
          209000000000
        6157       21476         975
          210000000000
        4109        3611         812
          211000000000
        2061       31442         905
          212000000000
          13        6665         673
          213000000000
       30733       27583         553
          214000000000
       28685       28662         987
          215000000000
       26637        9901         367
          216000000000
       24589        4068         156
          217000000000
       22541       11163         794
          218000000000
       20493       31186         673
          219000000000
       18445       31369         234
          220000000000
       16397       11712         941
          221000000000
       14349        4983         161
          222000000000
       12301       11182         382
          223000000000
       10253       30309        1020
          224000000000
        8205       29596         468
          225000000000
        6157        9043         190
          226000000000
        4109        1418         625
          227000000000
        2061        6721         165
          228000000000
          13       24952         274
          229000000000
       30733       23342         369
          230000000000
       28685        1893         890
          231000000000
       26637       26140         227
          232000000000
       24589       30547         870
          233000000000
       22541       15114         187
          234000000000
       20493       12609         665
          235000000000
       18445       23032         696
          236000000000
       16397       13615         721
          237000000000
       14349       17126         155
          238000000000
       12301         797         463
          239000000000
       10253       30164          35
          240000000000
        8205        6923         338
          241000000000
        6157       29378         785
          242000000000
        4109       31993         794
          243000000000
        2061       14768         805
          244000000000
          13       10471         233
          245000000000
       30733       19101         542
          246000000000
       28685        7892         125
          247000000000
       26637        9611         445
          248000000000
       24589       24258         918
          249000000000
       22541       19065         961
          250000000000
       20493       26800        1013
          251000000000
       18445       14695         491
          252000000000
       16397       15518         858
          253000000000
       14349       29269         506
          254000000000
       12301       23180         900
          255000000000
       10253       30019         431
          256000000000
        8205       17018         564
          257000000000
        6157       16945         714
          258000000000
        4109       29800         297
          259000000000
        2061       22815         778
          260000000000
          13       28758         548
          261000000000
       30733       14860          48
          262000000000
       28685       13891         741
          263000000000
       26637       25850        1019
          264000000000
       24589       17969         299
          265000000000
       22541       23016          44
          266000000000
       20493        8223         695
          267000000000
       18445        6358         643
          268000000000
       16397       17421         328
          269000000000
       14349        8644         191
          270000000000
       12301       12795         671
          271000000000
       10253       29874         160
          272000000000
        8205       27113         123
          273000000000
        6157        4512        1000
          274000000000
        4109       27607         157
          274877906944
           1           0           0
